106
12
29
144
5
43
23
13
139
36
41
1
20
27
115
141
57
140
129
26
25
180
75
29
17
57
112
52
74
102
31
184
378
59
164
8
182
64
368
86
213
115
16
23
3
2
23
4
102
155
278
53
28
118
4
102
170
122
92
21
45
48
123
94
125
11
81
222
134
39
8
50
182
215
114
14
108
75
157
187
314
102
59
47
11
264
264
50
124
278
20
124
56
242
2
172
133
8
59
276
48
107
18
38
83
60
51
38
370
197
2
87
231
95
145
196
28
73
39
6
125
31
119
379
244
124
23
2
10
344
28
43
39
91
287
4
137
65
22
135
134
274
78
113
46
119
19
125
12
192
124
23
164
454
21
146
26
296
14
19
118
147
72
11
27
21
97
223
164
192
92
95
159
42
72
42
84
22
158
37
95
69
21
499
39
15
54
72
37
49
61
105
22
29
50
32
122
22
208
36
82
79
18
52
2
14
16
121
16
21
398
84
47
197
195
22
1
28
38
32
164
340
75
5
460
55
32
42
25
3
51
38
17
56
20
130
32
51
9
44
158
98
5
18
198
29
14
113
63
9
44
7
16
24
137
80
46
87
33
28
12
107
61
45
20
93
7
125
106
64
137
60
56
6
96
9
123
249
28
41
29
76
20
75
47
5
5
70
63
14
5
137
124
181
2
11
32
91
63
126
14
67
227
27
51
28
76
160
24
25
51
75
49
87
15
52
45
17
4
20
35
21
5
15
27
13
22
90
66
4
29
83
183
29
104
289
85
44
88
21
4
7
158
99
15
8
62
107
195
14
25
40
31
126
7
128
11
106
45
113
34
91
16
23
20
62
31
277
141
19
14
3
11
28
8
1
39
21
127
69
83
300
81
134
4
6
19
34
70
29
129
48
84
109
102
14
48
8
38
46
127
91
112
24
34
33
16
131
151
113
43
40
19
94
10
10
110
31
55
16
329
31
57
93
1
216
125
31
12
41
65
106
27
124
77
13
7
173
12
86
14
148
220
77
8
106
22
77
208
21
143
98
46
100
11
26
218
27
2
73
44
20
22
4
75
22
19
34
98
78
55
42
34
246
19
13
31
133
100
81
37
21
24
16
44
37
9
8
33
3
10
26
128
99
4
112
10
256
14
11
11
5
13
84
14
7
1
88
138
28
5
48
5
199
44
64
2
6
33
27
9
41
87
14
23
11
12
196
17
23
25
83
97
76
8
7
175
210
23
61
20
46
112
43
105
23
85
41
19
12
3
48
185
3
97
148
24
60
132
190
38
241
287
7
23
16
9
66
77
135
3
1
35
40
278
45
195
6
201
12
2
10
44
17
172
77
126
193
2
7
10
57
33
41
27
6
199
15
79
53
3
6
9
29
39
127
37
232
167
92
78
18
5
13
40
79
13
26
44
59
17
23
227
67
21
36
38
119
134
144
30
119
39
125
22
108
8
12
16
64
82
41
96
26
192
2
260
29
6
128
41
31
29
119
90
19
11
78
11
40
2
23
86
6
10
54
14
38
43
22
78
161
95
116
45
79
39
3
1
22
45
39
148
53
67
41
39
134
13
6
43
59
17
16
127
5
64
175
9
58
4
10
23
30
29
27
24
88
35
7
8
262
54
36
2
65
46
3
17
102
7
47
17
18
2
37
73
2
48
5
64
107
42
16
42
17
265
164
11
25
6
16
24
74
92
36
78
91
20
27
44
47
20
21
21
242
25
36
14
17
13
20
8
53
77
139
78
2
11
64
50
19
62
100
42
41
105
25
40
20
262
59
10
4
43
2
54
20
37
7
56
3
34
27
87
10
66
6
51
8
9
6
60
17
12
15
141
22
8
47
29
50
111
11
55
10
63
75
21
34
118
62
16
246
3
1
310
61
44
13
116
8
44
62
58
208
52
14
13
61
93
43
42
12
25
32
42
5
104
19
21
150
4
2
74
137
3
12
15
34
34
14
17
13
27
14
144
5
147
8
5
30
114
42
28
24
142
54
30
12
6
9
13
9
20
11
8
3
36
37
98
98
26
46
5
78
112
29
32
21
11
151
13
26
15
24
4
6
3
28
16
8
171
7
36
2
86
14
34
7
190
55
192
3
25
18
39
108
4
40
17
40
28
139
25
14
45
119
11
1
18
1
43
25
52
12
2
63
44
21
39
11
7
17
48
61
51
79
60
65
98
5
90
54
4
16
10
8
31
54
93
98
9
19
8
7
43
24
7
5
24
73
49
9
14
22
166
50
44
39
20
62
66
22
36
10
36
57
20
3
52
14
6
1
9
55
33
12
5
6
18
21
9
26
57
75
66
7
16
87
10
25
114
7
7
11
20
36
19
6
110
16
3
45
18
16
1
51
16
39
23
59
7
147
34
65
13
75
45
27
20
7
2
53
54
24
78
27
65
43
21
100
47
12
83
22
1
5
98
6
12
2
97
35
19
4
84
60
9
56
23
7
3
13
11
16
64
57
124
118
20
15
16
20
8
4
15
5
28
5
15
2
39
5
13
28
93
63
18
58
8
11
16
11
29
103
28
8
20
47
40
70
5
2
32
69
49
33
12
16
79
14
27
2
4
54
13
27
4
42
44
8
30
5
16
36
64
92
2
63
29
10
90
148
30
9
32
80
8
64
51
55
18
15
7
1
12
12
34
111
18
44
3
2
26
17
19
13
3
9
1
6
8
2
8
28
31
45
8
19
4
26
1
35
42
13
37
4
1
8
43
16
24
32
31
8
35
50
11
2
40
39
68
15
11
98
82
17
50
31
24
27
3
10
38
6
62
10
3
5
34
39
7
20
20
19
27
81
19
44
34
6
18
6
53
27
29
68
6
9
1
9
28
3
7
36
4
5
5
11
48
20
32
3
1
2
14
18
23
63
29
37
42
38
44
4
1
49
1
4
22
20
26
89
27
22
43
30
63
7
46
27
18
9
30
8
23
33
14
26
21
12
67
67
12
3
77
31
33
21
38
17
22
43
2
17
23
31
6
1
4
24
30
4
13
6
23
10
27
33
17
57
2
44
19
11
1
5
22
31
63
46
74
10
18
71
23
15
24
101
13
43
11
51
16
34
24
10
100
2
3
2
2
8
22
7
3
1
20
4
24
40
26
1
3
14
3
31
22
58
4
27
17
69
1
6
37
31
8
28
24
22
29
17
4
5
18
18
25
30
1
7
31
1
109
27
3
15
14
9
14
26
42
13
44
51
64
44
16
12
43
9
6
29
4
31
69
31
23
10
44
11
8
32
26
30
31
3
14
2
38
15
14
8
6
5
9
32
39
2
18
26
10
6
13
29
16
22
5
18
8
9
10
12
68
21
9
23
31
19
23
77
6
16
5
18
11
16
2
24
6
30
4
14
2
15
5
33
66
30
1
5
29
6
14
23
32
11
15
34
3
203
8
13
3
3
4
25
65
4
79
55
29
6
16
14
2
5
11
26
18
49
35
4
12
14
8
43
19
17
3
3
20
12
19
26
8
32
13
42
29
3
22
20
12
2
15
7
20
57
24
69
26
1
5
6
4
53
32
5
10
17
87
3
2
21
13
19
9
8
1
11
1
12
14
24
16
3
4
44
17
5
4
3
6
35
3
9
9
15
40
10
34
11
30
12
36
30
61
1
13
13
50
60
51
10
37
18
12
16
16
8
51
26
20
59
38
4
17
33
16
2
52
1
2
36
1
6
4
26
48
5
34
32
33
53
13
30
52
20
20
5
5
20
8
48
1
6
25
15
36
23
10
22
26
30
20
26
35
25
2
2
36
16
3
9
12
8
5
19
34
1
9
35
3
16
1
10
9
51
12
39
13
15
8
95
6
18
9
11
20
3
11
13
4
11
25
4
15
1
11
13
59
1
9
6
3
4
1
10
3
31
45
2
44
10
8
29
30
2
82
7
44
34
13
40
38
15
7
35
31
11
3
34
1
34
77
10
6
21
1
12
2
11
13
21
30
2
4
23
9
14
3
39
8
16
7
18
4
23
2
4
6
2
16
3
6
10
18
25
3
7
28
3
2
9
18
2
27
18
46
16
24
7
10
43
19
7
10
9
8
16
14
6
33
24
4
4
32
6
10
33
13
14
3
29
49
28
10
48
3
9
12
32
12
5
6
2
27
10
9
13
9
19
9
21
2
44
14
15
7
7
48
3
8
11
25
2
22
6
34
12
26
4
5
16
7
3
5
24
21
9
34
23
25
26
11
41
57
20
8
17
5
16
9
25
28
4
7
26
33
13
2
10
29
21
3
82
7
9
1
1
4
25
2
9
4
42
1
7
26
14
4
7
23
9
13
3
17
13
7
76
11
1
1
9
13
15
3
6
66
1
26
25
9
16
3
10
3
40
10
45
6
39
18
64
33
14
5
33
5
5
61
50
5
4
15
2
15
9
1
2
3
58
7
13
2
6
41
6
15
42
10
2
20
6
19
3
1
9
12
12
7
2
16
24
7
2
6
29
4
36
32
25
5
11
9
1
6
23
33
15
33
3
13
8
9
11
1
10
7
29
4
34
8
22
6
2
5
6
9
5
5
5
12
10
4
4
14
3
3
5
6
14
7
11
17
2
31
11
27
1
93
1
40
5
9
8
2
28
11
40
1
10
15
1
18
27
28
4
3
5
19
34
23
31
55
2
31
10
5
8
8
7
1
8
6
9
10
6
28
9
11
1
28
9
24
52
33
30
4
2
9
9
13
10
4
11
1
23
10
17
6
6
1
11
4
2
1
35
27
4
25
8
13
2
11
3
7
4
5
58
6
10
6
2
10
2
5
40
8
5
5
1
12
6
5
12
9
26
18
12
30
28
18
1
1
2
2
5
4
3
9
42
3
40
8
3
4
2
23
2
5
10
3
3
9
2
4
8
5
2
11
2
7
2
2
23
22
11
7
11
7
7
6
41
19
3
19
25
5
7
3
9
5
13
18
21
5
11
15
15
2
5
2
15
1
7
18
2
9
9
5
3
1
13
8
4
11
8
12
1
9
4
6
3
5
1
3
2
8
21
1
14
2
17
3
11
28
5
1
12
4
17
21
29
13
12
11
28
4
5
39
8
5
27
31
1
9
29
6
6
22
8
4
5
2
5
5
6
3
14
4
1
8
28
3
10
8
8
5
3
13
9
8
24
22
9
2
9
3
1
8
4
1
1
7
7
4
10
25
17
1
1
24
17
17
2
1
10
2
9
3
4
6
19
9
30
14
7
4
4
3
5
6
4
8
2
2
11
7
4
20
3
5
4
4
17
5
15
1
1
5
3
4
2
4
9
7
8
12
39
13
2
1
6
23
12
4
5
1
9
12
7
14
14
1
8
4
6
4
8
5
6
31
28
6
6
9
7
4
16
3
5
3
3
19
2
16
15
11
12
21
2
4
2
3
2
7
12
2
7
11
1
32
3
1
3
2
11
6
20
5
2
9
6
7
22
4
34
2
18
3
2
16
9
2
11
5
6
1
8
15
20
14
8
1
12
10
15
11
27
1
5
15
2
28
5
1
1
5
2
16
20
5
2
3
9
1
2
1
31
4
14
44
13
1
13
4
19
12
9
10
1
3
6
9
20
4
4
1
14
17
3
6
1
1
13
13
20
2
5
8
1
17
1
20
7
6
5
13
11
3
5
5
4
9
9
38
19
11
39
2
20
19
2
5
7
1
1
6
12
3
5
4
7
9
7
2
4
7
26
17
4
4
1
2
15
3
4
1
3
5
15
9
3
3
9
5
3
11
8
48
2
8
7
14
4
2
7
5
6
6
18
18
3
3
22
2
2
14
3
19
4
5
4
1
2
1
1
16
5
12
3
8
1
6
26
37
1
4
15
9
6
2
1
1
30
7
4
13
5
2
1
6
3
1
3
6
5
30
8
2
4
8
23
14
5
9
1
3
1
5
9
2
4
4
1
2
5
72
10
4
5
3
4
2
1
9
13
3
16
14
1
3
17
5
7
8
10
9
1
3
11
13
3
1
8
20
5
3
4
10
3
4
3
5
1
20
3
1
16
13
2
15
6
24
10
17
8
1
17
2
6
14
4
3
2
3
10
10
1
2
12
5
3
3
5
10
5
28
10
8
3
12
3
1
6
4
5
5
20
10
7
5
8
13
2
1
4
1
1
7
6
11
9
11
5
4
18
6
10
5
6
15
8
2
24
16
8
1
3
5
15
3
2
2
1
1
3
13
1
2
7
2
15
6
1
1
8
1
5
3
8
29
2
3
16
8
7
21
8
11
5
15
6
2
1
11
13
5
2
9
9
5
5
11
6
12
1
1
1
12
6
22
2
1
5
2
2
7
7
3
2
8
6
3
1
3
1
7
10
3
3
13
3
8
16
1
18
9
4
9
1
2
7
5
10
5
9
4
10
3
7
1
6
9
20
1
4
5
1
1
17
8
1
1
8
11
7
16
3
5
1
1
13
19
1
3
10
14
14
9
1
1
5
5
4
6
8
7
6
5
3
1
3
6
4
1
4
3
2
12
9
7
1
1
1
2
2
1
9
10
4
4
1
3
3
2
14
1
4
3
3
1
7
6
20
11
2
3
3
5
1
3
11
9
6
10
2
4
6
1
4
9
13
1
2
3
2
10
7
4
1
6
6
3
6
3
4
1
20
5
6
7
2
3
8
6
3
7
1
2
2
1
18
5
2
7
16
4
3
2
12
1
11
1
2
2
1
3
8
3
9
2
1
11
3
4
7
3
8
8
1
2
1
5
4
8
7
2
10
1
6
1
4
5
14
4
1
7
1
1
14
1
2
1
15
1
11
30
1
7
7
1
6
1
15
1
3
11
7
2
3
8
3
1
10
2
1
9
3
2
2
1
1
6
4
4
2
3
7
2
9
3
4
2
4
1
4
2
1
3
1
7
3
3
3
1
13
3
3
4
7
6
1
3
1
8
7
6
2
3
1
1
1
15
9
4
2
1
1
1
1
2
14
3
4
4
7
5
1
12
10
5
1
2
4
1
1
6
5
14
5
1
7
1
3
1
6
5
1
14
1
2
11
1
1
3
10
1
1
12
1
1
2
2
6
5
1
10
2
5
9
5
4
1
4
1
10
3
2
1
3
1
15
8
6
3
10
1
1
2
1
3
5
7
2
6
2
4
2
2
7
9
5
7
1
9
5
3
4
8
1
3
1
4
7
2
5
3
5
3
2
2
5
3
7
5
2
1
1
1
8
7
3
2
1
5
6
2
1
2
7
3
1
1
6
1
8
3
1
4
9
2
1
1
5
2
2
2
6
1
3
2
3
3
8
4
3
2
9
9
3
8
2
4
2
2
12
9
5
6
10
4
12
1
3
4
4
3
5
1
1
1
2
2
1
1
10
5
8
3
2
7
7
5
5
11
8
4
2
3
1
12
3
2
1
5
5
1
1
3
2
1
1
5
5
1
2
6
7
3
5
2
2
1
4
5
2
2
3
6
1
6
1
2
12
7
4
1
4
8
7
1
14
2
8
7
4
1
3
4
2
2
10
4
1
1
1
1
2
2
8
7
1
3
1
1
1
3
17
2
6
2
1
4
3
4
3
6
8
4
3
1
1
4
5
5
4
1
4
6
1
16
2
2
7
2
1
2
5
3
1
5
3
9
4
1
3
2
2
8
2
6
8
1
2
3
3
2
1
1
3
5
2
3
12
2
1
4
4
3
2
3
2
6
11
1
2
1
2
1
2
1
7
3
6
1
4
2
3
1
4
5
1
2
3
5
1
1
1
1
1
1
7
1
5
1
2
5
2
3
5
1
3
5
1
4
6
2
4
1
1
2
2
6
7
2
1
1
1
7
3
16
5
5
2
3
2
1
9
3
1
2
4
1
2
7
7
3
3
6
3
5
2
1
2
4
2
3
6
14
11
1
2
2
2
3
2
2
7
4
5
5
2
2
2
2
1
1
1
3
10
1
3
1
4
1
1
1
3
2
4
3
9
7
1
6
1
1
1
7
1
9
2
2
1
2
1
2
1
1
3
2
6
3
2
3
1
1
3
2
3
4
5
1
4
3
2
5
1
1
1
2
1
4
4
1
4
5
2
5
5
1
5
9
3
2
23
5
2
7
2
3
1
3
6
2
3
4
2
1
2
3
5
1
2
1
1
3
7
1
9
1
1
2
1
1
1
1
3
1
2
1
4
5
1
4
2
4
2
1
2
2
5
6
1
1
6
6
1
2
2
1
3
19
2
3
2
7
3
1
1
2
2
3
3
1
1
1
1
2
4
1
2
1
5
2
1
2
4
1
2
3
1
1
1
1
6
10
1
2
3
3
4
2
3
1
3
1
4
7
1
2
1
1
4
2
1
1
3
4
1
1
1
1
2
6
3
3
1
8
1
2
2
2
1
3
2
1
8
2
2
4
11
2
9
3
2
3
1
2
7
2
3
1
1
4
1
1
1
2
5
8
1
5
2
2
1
5
6
1
1
1
1
1
2
8
2
1
4
2
1
3
3
2
1
1
1
2
1
2
3
1
4
2
1
4
3
1
3
4
1
1
5
6
3
1
1
2
2
3
3
5
3
2
1
3
2
1
1
7
3
4
2
3
1
1
2
1
4
1
2
2
1
1
2
1
1
6
3
1
1
1
2
4
5
1
1
1
1
1
2
2
2
4
3
3
3
1
3
2
6
3
2
7
2
5
3
4
2
2
5
5
1
1
1
1
2
1
1
1
5
1
4
2
7
2
4
1
1
1
5
2
4
1
1
2
1
5
2
5
1
1
6
3
1
3
1
2
1
2
5
3
3
7
1
1
1
1
2
1
3
1
8
3
2
3
2
4
1
1
1
3
7
1
4
4
1
1
1
2
1
4
1
2
2
3
1
1
2
2
5
1
1
1
5
1
2
1
3
1
2
1
4
1
1
2
1
1
7
1
1
1
1
2
1
6
1
5
3
1
2
1
3
1
1
1
1
2
1
1
1
1
1
2
1
1
1
1
2
2
3
3
5
1
5
1
1
1
1
1
1
3
1
1
4
1
3
1
2
4
2
3
1
2
1
3
1
1
1
1
1
3
3
1
2
1
2
2
1
7
1
1
4
3
2
2
1
1
1
4
3
1
1
1
1
4
3
2
1
2
4
2
1
4
1
2
1
2
1
1
1
4
6
1
1
2
1
2
1
2
1
1
5
1
1
1
1
1
2
2
1
2
1
1
3
1
1
3
1
3
1
1
1
2
2
1
2
1
3
2
2
3
1
1
3
3
1
1
3
2
4
1
3
1
2
1
1
4
1
5
1
2
1
1
2
1
3
1
1
1
1
2
2
3
2
1
1
2
1
2
1
3
1
1
1
1
3
1
2
2
2
1
1
5
1
2
1
1
1
1
2
1
2
1
1
1
3
1
3
1
1
1
3
1
1
9
1
1
1
3
2
3
1
2
1
3
1
2
1
2
1
3
2
2
1
2
1
1
2
1
1
1
2
7
1
1
2
1
2
1
1
1
1
1
1
1
3
2
1
1
1
2
1
2
4
2
2
1
2
1
1
1
1
1
1
1
1
1
1
1
1
3
1
1
1
1
1
1
2
1
1
2
1
2
2
1
2
1
2
1
2
2
1
1
1
1
1
3
2
1
1
2
1
1
1
1
1
1
1
1
1
2
2
1
1
1
2
1
5
1
1
1
3
1
1
1
2
1
1
1
2
1
1
1
1
2
1
1
2
1
1
1
1
1
1
1
1
1
1
2
2
2
1
2
1
1
1
1
1
1
1
1
1
1
1
1
2
1
1
1
2
2
4
1
2
1
3
1
1
2
2
1
3
1
1
1
1
1
1
1
1
1
1
1
1
3
1
1
1
1
1
2
1
1
2
1
1
1
1
1
1
1
1
1
1
1
1
1
1
1
2
1
1
2
1
2
1
2
3
1
1
1
2
1
2
2
2
1
1
1
1
2
1
1
1
1
1
2
1
1
1
1
1
1
1
1
1
1
1
2
1
1
1
1
1
1
1
1
2
1
1
1
2
1
2
2
1
2
1
1
1
1
1
1
1
1
1
1
1
1
1
1
1
1
1
2
1
1
1
1
1
1
1
1
1
1
1
1
1
2
1
1
1
2
1
1
2
1
2
1
1
1
1
1
1
2
3
2
1
1
1
1
1
1
2
1
1
1
1
1
1
1
1
1
1
1
1
4
1
1
2
2
1
1
1
1
1
1
1
1
1
1
1
1
2
1
1
1
1
1
4
2
1
1
1
1
1
1
2
1
1
2
1
1
1
1
1
1
1
1
1
1
1
1
1
2
1
1
1
1
4
1
1
1
1
1
1
1
1
1
1
2
1
1
1
1
3
1
1
1
2
1
1
1
1
1
1
1
1
1
1
1
1
1
1
1
1
1
2
1
1
1
2
1
1
1
1
1
1
1
1
1
1
1
1
1
1
2
2
1
1
1
1
1
1
1
2
1
1
1
1
1
1
1
1
1
1
1
1
1
1
1
1
1
1
1
1
1
1
1
1
1
1
1
1
1
1
1
1
1
1
1
1
1
1
1
1
1
1
1
1
1
1
1
1
1
1
1
1
1
1
1
